1 1.548958 1.759259 0.031250 0.038889
1 0.898958 2.168056 0.030208 0.047222
1 1.479427 2.210648 0.039063 0.026852
1 1.488281 2.366204 0.038021 0.041667
1 1.085417 2.530556 0.038542 0.044444
1 0.655990 0.690278 0.038021 0.058333
1 0.432292 2.051852 0.035417 0.037037
1 1.660417 1.824537 0.034375 0.036111
1 1.096094 0.830093 0.042188 0.039815
1 0.372135 1.624074 0.036979 0.048148
1 0.345052 1.778241 0.066146 0.095370
1 1.254167 0.306481 0.048958 0.051852
1 0.351563 1.247222 0.036458 0.048148
1 1.298958 1.387037 0.047917 0.055556
1 1.135156 1.174074 0.044271 0.038889
1 1.693490 1.765278 0.024479 0.039815
1 0.709115 0.349074 0.056771 0.087037
1 1.580990 1.630093 0.094271 0.076852
1 0.878906 2.485185 0.046354 0.046296
1 1.214583 0.793056 0.035417 0.032407
1 1.325260 1.937500 0.069271 0.047222
1 1.166667 0.871296 0.028125 0.048148
1 0.631250 1.918981 0.038542 0.041667
1 1.533594 1.017593 0.047396 0.044444
1 1.526042 0.742593 0.039583 0.050000
1 0.471875 1.311111 0.033333 0.046296
1 0.646094 0.308333 0.021354 0.051852
1 1.289063 1.779630 0.028125 0.051852
1 1.460677 1.364815 0.024479 0.090741
1 1.241667 1.247222 0.020833 0.048148
1 0.972135 1.442593 0.024479 0.062963
1 0.710677 2.526389 0.026562 0.050926
1 1.400781 1.538426 0.025521 0.052778
1 0.735938 2.672222 0.034375 0.092593
1 1.399740 1.090278 0.026562 0.075000
1 1.315104 2.249074 0.018750 0.053704
1 0.388281 1.441667 0.051562 0.079630
1 1.325781 2.425463 0.025521 0.043519
1 0.920052 1.811574 0.026562 0.036111
1 1.154948 0.382407 0.027604 0.048148
1 0.848958 2.121759 0.021875 0.054630
1 1.600521 1.887037 0.026042 0.046296
1 0.904687 2.025463 0.026042 0.047222
1 1.436198 1.275463 0.033854 0.060185
1 0.816667 0.479167 0.054167 0.130556
1 0.850521 1.782407 0.023958 0.098148
1 0.864323 1.659259 0.035937 0.077778
1 0.986719 0.925000 0.021354 0.074074
1 1.004167 1.482407 0.021875 0.064815
1 0.758854 1.434722 0.021875 0.067593
1 0.465885 0.910185 0.071354 0.250000
1 1.278906 0.562500 0.127604 0.439815
1 1.194271 1.687500 0.065625 0.150926
1 1.419531 2.202315 0.035937 0.082407
1 1.036198 0.925463 0.031771 0.063889
1 1.275521 1.249074 0.032292 0.066667
1 0.949479 0.726852 0.036458 0.074074
1 0.920833 0.539815 0.031250 0.068519
1 0.914844 0.676389 0.058854 0.150926
1 0.819792 0.318519 0.032292 0.092593
1 1.605729 1.557407 0.064583 0.079630
1 1.177604 1.098148 0.076042 0.133333
1 0.425260 1.413889 0.026562 0.061111
1 1.400000 0.662963 0.032292 0.087037
1 0.647917 0.784259 0.058333 0.090741
1 0.370833 1.884722 0.060417 0.117593
1 0.633333 0.918981 0.030208 0.041667
1 0.723437 0.973148 0.153125 0.342593
