1 0.930469 2.073611 0.040104 0.041667
1 0.769271 2.131481 0.053125 0.072222
1 0.583333 2.404167 0.043750 0.063889
1 0.898958 2.168056 0.030208 0.047222
1 1.085677 2.529630 0.039063 0.046296
1 1.320833 2.421296 0.035417 0.051852
1 1.661458 1.825926 0.037500 0.031481
1 1.334115 1.933796 0.050521 0.041667
1 0.431771 2.051852 0.035417 0.037037
1 0.655469 0.690278 0.039063 0.058333
1 1.344010 2.524074 0.039063 0.035185
1 0.654687 0.438426 0.037500 0.037963
1 1.254167 0.307407 0.048958 0.050000
1 1.160417 1.820833 0.036458 0.041667
1 1.046615 1.890741 0.030729 0.040741
1 1.298437 1.388889 0.046875 0.050000
1 0.343490 1.769907 0.068229 0.078704
1 0.706771 0.337037 0.052083 0.062963
1 1.205729 1.414815 0.035417 0.035185
1 1.023438 2.652778 0.036458 0.037037
1 1.526042 0.742130 0.041667 0.049074
1 1.693490 1.765278 0.024479 0.041667
1 1.580729 1.628704 0.093750 0.077778
1 1.162500 0.936111 0.112500 0.101852
1 0.400000 1.412500 0.082292 0.084259
1 1.479427 2.212500 0.039063 0.026852
1 0.612240 1.272222 0.030729 0.029630
1 1.214323 0.793056 0.035937 0.032407
1 0.887500 2.482870 0.030208 0.052778
1 0.628646 1.400926 0.034375 0.066667
1 0.371094 1.896759 0.061979 0.162037
1 0.915365 1.336574 0.021354 0.049074
1 0.645573 0.308796 0.021354 0.052778
1 1.241406 1.247222 0.020313 0.046296
1 1.289063 1.781481 0.029167 0.059259
1 0.358073 1.322685 0.019271 0.049074
1 1.474740 0.406944 0.020313 0.062037
1 0.377344 1.614352 0.027604 0.054630
1 1.255729 1.542593 0.021875 0.059259
1 1.766406 1.311111 0.044271 0.114815
1 0.817969 0.318056 0.029687 0.093519
1 0.732292 2.674537 0.040625 0.117593
1 1.268750 1.287963 0.040625 0.155556
1 1.313542 2.246759 0.020833 0.049074
1 0.522396 1.375463 0.036458 0.062037
1 1.549219 1.758796 0.030729 0.039815
1 1.167969 0.853704 0.028646 0.046296
1 1.154688 0.381944 0.028125 0.049074
1 1.596354 1.882407 0.028125 0.050000
1 0.915625 1.547685 0.015625 0.052778
1 0.849219 1.782407 0.025521 0.098148
1 1.193229 1.687963 0.067708 0.153704
1 0.986719 0.925000 0.021354 0.074074
1 1.399479 1.090278 0.027083 0.075000
1 0.758073 1.433796 0.020313 0.069444
1 0.947656 0.720833 0.047396 0.097222
1 1.460677 1.356019 0.023438 0.110185
1 0.458073 0.855556 0.061979 0.251852
1 1.280208 0.562963 0.130208 0.440741
1 0.972396 1.442593 0.023958 0.062963
1 0.915625 0.543981 0.026042 0.058333
1 0.654948 0.783333 0.044271 0.092593
1 0.864583 1.658796 0.035417 0.076852
1 0.465365 1.311111 0.021354 0.046296
1 0.822656 0.481944 0.065104 0.128704
1 1.078906 2.202778 0.032813 0.077778
1 0.906771 0.610648 0.052083 0.112037
1 0.846354 2.121296 0.020833 0.051852
1 1.403125 0.663889 0.037500 0.087037
1 1.332031 1.048148 0.029687 0.057407
1 1.037500 0.926852 0.034375 0.061111
1 0.633073 0.919444 0.029687 0.042593
1 0.715625 1.328241 0.028125 0.045370
1 0.719271 0.973611 0.144792 0.343519
1 0.905990 2.033333 0.029687 0.061111
1 1.419531 2.205093 0.035937 0.073148
